5.0
0.01
15
2
球 52 82 42 71 39 30 67 64 44 36 56 50 38 63 46
山 43 82 70 50 75 67 54 56 35 58 58 48 29 76 39
细 40 56 54 83 51 42 47 25 38 42 83 36 88 35 48
宁 30 37 30 28 46 36 51 25 35 34 77 21 13 46 59
汉 29 55 73 64 22 18 54 31 30 25 62 37 25 29 48
人 56 45 25 17 37 29 32 18 42 44 34 56 31 21 69
伞 4 21 14 36 3 30 19 22 10 6 32 53 39 6 9
村 14 11 39 2 32 14 20 28 21 31 40 6 18 34 54
人民币 22 14 7 16 11 17 62 34 26 13 12 2 0 55 9
富 14 10 10 33 28 48 10 10 12 48 43 5 25 34 22
版 7 31 31 28 8 21 12 19 9 7 45 28 26 36 8
氨 14 20 9 30 18 23 26 27 3 31 41 17 26 12 21
时间 20 18 37 33 17 19 31 2 25 29 12 11 17 13 20
舵 6 46 7 27 4 2 26 21 9 23 18 10 56 18 7
中国 15 8 28 25 4 11 22 10 22 9 18 27 24 0 15
氢 31 12 27 11 27 9 1 43 15 0 37 2 30 26 15
美国 19 0 24 31 0 33 26 32 17 23 19 8 6 21 5
虹 12 37 13 23 11 0 39 4 11 2 26 28 13 18 5
锅 2 39 8 42 7 12 10 13 4 4 13 17 3 2 10
新 8 19 9 9 19 7 8 6 12 3 6 26 1 27 20
好 24 18 2 3 14 7 17 15 9 16 10 15 8 10 2
璺 13 0 1 26 0 4 20 12 16 17 14 18 1 11 7
虫 3 12 0 7 25 12 10 19 1 11 3 9 26 19 5
英 9 7 17 0 4 1 34 11 2 4 13 1 13 32 6
茶 8 19 13 9 9 7 8 15 3 24 26 1 3 0 21
全球 20 2 19 10 0 13 4 11 21 4 25 2 7 6 16
疼 3 8 3 9 4 11 13 10 17 11 15 23 7 20 0
总理 1 0 0 1 25 10 27 13 3 28 0 0 4 0 6
杈 5 24 2 24 8 8 22 9 8 8 4 13 1 3 5
澧 9 11 2 3 12 1 2 9 17 17 14 0 10 5 24
墨 0 18 13 5 4 10 0 9 0 23 29 5 19 6 11
北京 7 4 0 9 2 22 1 0 5 55 2 19 7 11 0
市场 4 5 9 3 0 24 6 0 4 6 0 9 0 0 30
局 7 0 5 9 10 11 36 0 2 6 7 14 11 2 10
风 2 5 0 0 36 2 23 21 6 0 14 0 6 3 8
盈利 16 0 4 4 16 0 7 11 15 7 11 15 5 10 11
问题 0 2 16 35 3 10 2 9 0 6 12 8 4 0 5
公司 10 0 8 4 12 3 9 6 8 25 7 0 4 3 3
最大 10 1 13 4 2 6 13 16 28 12 0 0 11 6 8
同比 6 2 12 27 12 0 6 16 0 14 14 1 7 11 0
黄金 6 11 0 10 2 15 1 0 10 0 1 10 0 15 9
瑶 8 6 19 8 20 6 6 6 15 0 7 2 11 0 8
营 30 2 2 0 1 0 24 18 0 9 3 5 3 11 12
钩 3 0 17 6 0 10 4 7 7 2 6 21 5 18 6
硅 5 2 8 7 12 7 27 4 4 14 7 6 6 0 3
氦 14 6 3 14 6 0 2 5 7 0 29 6 0 6 2
中文 12 0 11 10 14 4 0 17 15 3 7 0 5 7 11
财务报告 29 0 2 21 13 0 4 0 5 2 8 7 10 13 0
搜索引擎 4 12 0 12 6 8 5 16 0 16 0 13 3 12 7
秃 8 2 5 14 33 9 0 0 1 10 11 10 2 9 0
数据 0 9 11 4 6 17 1 1 7 1 0 18 3 0 0
高 12 1 0 7 3 1 6 17 13 3 4 18 5 6 6
老朽 0 4 3 10 10 0 1 0 8 2 2 14 2 2 26
圭 1 10 5 7 9 22 9 0 0 6 2 3 11 4 7
幂 1 17 17 0 0 0 3 0 3 5 10 5 25 6 8
大 0 6 1 12 8 23 0 9 6 4 2 13 4 0 10
指数 7 6 1 4 1 0 12 11 8 0 7 0 0 0 3
企业 14 4 0 9 1 1 0 0 39 0 1 0 0 0 3
字 0 2 6 0 10 10 2 15 0 18 1 9 8 4 1
微博 2 7 4 0 8 0 0 10 7 4 8 0 8 3 23
济南 0 5 6 10 0 0 15 8 3 6 8 4 0 0 11
空 17 8 0 3 3 0 2 0 3 6 1 9 5 31 0
病 5 10 21 0 11 4 0 2 2 0 4 5 20 3 1
郴 0 10 9 3 2 7 2 9 0 7 6 0 5 13 13
强 16 8 0 4 7 4 12 0 0 0 18 0 6 5 4
剧 3 16 0 0 3 5 3 2 7 6 9 1 6 25 0
韩 9 8 0 7 0 2 0 19 0 16 2 7 6 10 0
环卫 4 5 0 4 13 5 0 11 1 2 14 0 1 0 0
国家 10 0 1 0 2 14 8 12 0 0 4 6 15 2 0
利率 0 2 0 0 0 14 22 12 0 0 0 0 0 0 0
云 1 0 0 1 18 7 10 2 1 8 0 2 3 9 16
重 8 6 12 0 6 7 7 6 1 6 1 11 0 5 2
浆 13 12 0 0 0 2 12 2 4 0 21 0 0 0 4
床 0 10 16 6 1 0 5 4 0 0 10 0 0 6 0
工 0 9 13 0 0 9 0 0 0 0 9 4 1 20 3
女儿 3 2 0 1 4 0 0 4 5 1 5 29 0 0 0
歌 1 22 0 5 3 0 0 0 0 5 0 13 16 0 3
律师 0 10 0 5 0 3 0 0 3 0 0 0 2 14 13
两会 4 0 6 9 0 5 0 13 0 0 9 0 6 6 0
蜂 9 11 6 6 9 2 0 12 0 0 3 0 3 3 2
月 0 2 7 0 12 10 19 1 5 0 0 2 1 0 1
老 3 0 11 0 2 4 6 5 0 0 11 0 17 5 0
纸 2 2 4 0 0 3 24 3 0 0 4 9 0 5 4
疮 0 14 0 0 0 2 16 2 0 0 5 6 0 5 8
女工 4 9 9 1 0 0 0 0 0 0 13 0 10 0 0
镇 0 0 0 4 1 9 0 0 3 0 9 1 0 15 16
人民 6 2 0 2 5 0 0 12 7 0 14 0 8 0 0
肩 0 14 12 3 5 0 11 0 3 0 1 0 9 0 0
姐 3 3 0 0 2 5 16 2 7 0 0 2 10 0 10
全文 1 5 1 1 0 29 5 6 0 0 0 3 5 0 4
记者 0 0 0 3 18 12 0 0 8 0 0 7 0 0 8
手机 2 4 0 4 0 5 0 0 3 12 2 8 2 3 9
朝鲜 4 5 0 0 0 0 14 9 6 5 0 0 2 4 1
产品 15 1 3 0 3 0 4 0 0 0 0 0 3 0 23
报 2 2 6 0 6 15 0 0 0 6 0 15 0 0 0
美 0 0 2 4 0 8 10 10 0 6 0 2 0 7 7
电 3 0 10 7 9 0 6 7 3 3 0 4 6 0 0
人民网 3 0 0 0 0 17 0 0 1 0 5 7 15 0 0
蛋 9 8 10 0 5 1 0 1 9 2 0 0 0 3 4
网 3 5 8 13 12 0 3 2 0 0 0 0 0 2 4
娄 0 19 0 0 1 3 0 10 3 1 0 0 14 3 2
小 0 0 0 0 0 14 12 7 0 1 5 4 2 9 0
菜 4 0 0 8 0 12 0 0 2 6 2 0 17 3 2
婚姻 17 0 0 0 0 0 12 0 0 5 0 0 2 0 0
行情 0 1 0 0 2 11 0 1 14 0 0 2 7 5 3
岗 5 9 0 5 0 4 0 0 0 0 16 2 3 6 2
剑 3 0 14 0 1 16 0 0 4 0 0 0 0 3 11
广 0 24 4 0 0 0 8 0 9 0 2 0 5 0 0
日本 8 10 1 0 8 0 0 0 5 0 9 0 1 0 4
楼 0 3 1 0 0 0 11 2 19 2 2 0 0 0 8
欢 0 0 6 0 0 10 0 8 22 4 0 0 0 0 0
线 0 3 4 9 0 5 0 2 0 0 6 0 9 4 0
淮 0 4 12 0 10 0 4 0 2 6 6 0 0 0 0
氮 0 6 0 0 12 3 14 0 0 2 0 2 7 0 2
快乐 0 1 0 0 0 6 7 0 4 14 2 0 0 8 0
话 0 0 2 0 10 0 0 10 7 0 7 3 0 0 5
壳 6 0 4 0 0 0 0 7 3 14 4 0 8 0 0
健康 0 6 0 1 0 0 0 1 2 2 4 18 8 0 0
阔 8 0 19 0 2 0 0 4 0 0 0 0 5 4 0
小时 9 5 0 0 3 0 0 2 0 0 7 2 3 11 0
风险 0 3 0 0 6 0 0 0 0 0 0 0 0 0 27
作用 0 0 8 1 0 0 0 2 0 12 2 4 9 0 0
白银 0 3 5 0 6 13 0 0 0 6 0 0 0 1 6
哥 6 13 0 7 0 0 0 0 0 0 10 8 0 0 0
目标 3 3 0 31 0 0 0 0 2 0 0 0 0 0 1
重要 0 0 12 0 0 0 0 9 2 0 1 0 0 10 0
网友 2 0 0 5 2 7 0 5 5 1 7 0 3 0 5
头条 10 3 5 0 2 3 5 3 0 0 0 3 3 0 7
全国 0 6 5 0 3 11 0 0 0 10 0 4 1 0 0
川 3 0 15 0 0 4 2 5 4 0 3 0 0 6 0
事 0 0 0 9 6 0 0 9 12 0 5 1 0 0 0
昆明 0 0 0 3 0 1 26 6 0 0 0 0 0 0 0
孩子 0 3 3 0 0 0 6 0 0 0 0 11 14 0 1
香港 3 0 2 0 0 11 0 6 4 2 0 9 1 0 0
评论 0 4 7 3 12 0 0 0 2 0 0 1 0 3 10
杭州 0 0 0 3 0 0 0 0 0 0 0 25 0 0 4
代表 6 0 6 0 0 0 3 0 0 1 12 3 0 0 7
井 3 3 5 0 4 1 0 0 0 2 1 0 13 0 4
行业 6 0 0 0 6 0 0 0 0 0 0 15 0 0 5
路 2 0 3 1 0 0 0 0 3 19 0 0 8 0 0
时候 7 2 0 6 15 0 3 0 0 0 0 3 0 0 0
姊 2 0 1 7 0 0 0 3 11 0 0 0 7 0 5
女人 4 0 7 7 0 0 0 0 7 0 0 9 0 0 0
长 0 1 0 5 8 0 0 0 0 17 2 0 0 0 3
论坛 2 0 4 0 0 0 11 0 1 1 0 2 8 0 7
苹果 6 1 0 5 0 0 0 7 0 0 3 0 0 0 12
情况 2 3 0 2 0 0 0 4 7 0 1 11 0 0 4
容易 0 0 0 19 0 5 0 0 3 0 0 0 0 0 5
妇女 0 9 0 3 0 0 0 0 0 1 5 8 2 0 2
疆 2 8 0 0 3 0 3 5 0 0 0 1 3 6 3
烟 6 4 0 0 0 6 8 4 0 0 4 0 2 0 0
优势 0 0 4 0 0 0 0 8 0 0 0 3 6 0 9
娇 0 0 0 0 0 3 1 1 13 3 5 0 0 8 0
奖 3 6 0 0 0 0 5 0 0 4 0 0 10 0 4
价格 5 0 0 0 3 3 0 0 0 0 0 0 1 2 14
金融 0 7 0 4 0 8 0 0 0 4 0 0 5 0 0
国际 0 0 0 0 2 0 8 14 0 0 6 0 0 0 0
方式 0 0 9 6 14 0 0 0 0 0 0 0 0 0 1
新浪 0 0 6 0 0 0 0 0 0 9 0 0 7 10 0
能力 5 8 0 2 9 0 0 2 0 0 5 0 0 0 1
电影 1 8 8 0 1 0 0 5 1 0 0 0 4 0 0
梦 8 0 10 0 1 0 0 7 0 0 1 0 0 0 5
少 0 0 7 0 5 0 0 2 0 8 0 0 1 0 7
叉 0 8 0 0 0 0 0 0 10 4 0 0 6 2 0
委内瑞拉 2 0 0 0 0 10 0 0 0 6 0 1 0 9 0
资金 0 0 0 0 1 6 0 0 0 0 8 0 0 1 8
货币 0 0 0 2 0 0 15 0 2 0 5 0 0 0 0
心 0 0 0 0 8 0 0 12 0 1 6 2 1 0 0
锣 0 0 2 0 9 8 7 0 0 0 0 4 0 0 0
有限公司 6 0 0 0 0 9 0 0 0 3 0 6 4 0 0
领导 0 0 0 0 0 0 0 9 0 0 7 5 1 3 3
成功 0 1 0 0 1 0 15 0 0 2 2 4 0 2 1
国债 0 6 0 0 1 0 8 7 0 0 0 0 0 0 0
阿 0 0 0 0 0 0 5 0 0 8 2 11 0 0 0
老师 0 0 8 0 5 3 0 4 0 1 0 1 0 0 6
正常 0 0 0 0 7 1 0 0 11 0 0 2 0 2 3
功 0 0 11 0 0 0 0 0 0 6 0 7 4 0 0
繁 4 0 17 1 0 0 5 0 0 0 0 0 0 0 1
星 0 0 2 9 0 0 0 6 0 3 0 0 0 1 7
总统 0 3 7 0 0 0 0 0 7 2 2 0 0 5 0
凹 0 4 0 1 0 0 0 0 0 0 0 17 2 0 0
水 0 4 0 0 0 0 0 2 0 8 5 0 0 7 0
危 1 5 8 0 0 0 0 1 0 0 2 0 3 6 0
鬼 14 2 0 0 3 0 2 0 0 0 5 0 0 0 0
品牌 0 2 4 3 0 1 0 14 0 0 0 0 0 2 0
电话 0 0 4 0 0 3 0 0 0 0 0 9 0 10 0
税 0 0 4 2 0 7 11 0 0 0 0 2 0 0 0
男人 2 0 0 0 0 0 0 0 16 1 0 2 0 0 3
经济 0 0 3 0 7 5 7 1 0 0 0 0 0 0 1
农民工 0 0 0 0 0 0 0 0 0 2 0 8 1 8 3
房 12 3 0 0 0 0 6 1 0 0 0 0 0 0 0
社会 0 0 0 5 0 3 0 0 4 0 0 0 0 4 10
薄 0 0 7 0 5 0 0 0 7 2 5 0 0 0 0
手 12 0 0 0 6 0 0 3 3 0 0 0 0 0 2
布 0 0 0 0 2 0 16 1 0 0 0 0 0 1 0
学雷锋 0 0 0 0 2 0 0 2 0 14 0 2 0 0 0
难 0 8 0 0 0 0 0 0 5 0 0 13 0 0 0
专题 2 0 0 0 0 3 0 9 0 5 0 2 5 0 0
政权 0 0 0 0 23 0 0 0 0 0 0 1 0 0 0
财 0 5 0 0 0 0 0 0 0 0 13 0 0 4 0
投资者 0 0 0 0 12 0 3 0 4 0 0 0 2 0 1
宝 8 3 0 0 2 0 7 0 0 0 0 0 0 2 0
客户端 0 0 0 11 0 0 0 9 0 0 0 0 2 0 2
癌 0 0 0 0 0 0 0 0 0 0 0 0 0 0 20
交易 0 0 2 0 0 0 1 12 0 5 0 0 0 0 0
关系 1 1 9 2 5 4 0 0 0 0 0 0 0 0 0
连续 0 0 1 3 12 0 2 0 1 0 0 0 0 0 3
内容 0 0 3 5 7 3 0 0 2 0 0 0 2 0 0
世界 0 0 0 0 0 0 0 0 0 0 8 0 0 11 5
图 1 0 0 0 0 0 0 3 0 0 0 4 5 0 11
新闻 0 2 0 0 0 0 0 0 6 0 0 0 3 1 12
不同 0 7 0 2 0 2 0 0 1 0 0 0 0 0 12
绥 0 0 5 0 0 0 0 0 0 7 5 0 0 7 0
群众 0 0 0 9 0 0 0 1 1 0 6 3 1 1 0
鲁能 0 2 0 0 2 2 1 0 0 2 0 0 9 0 2
火 0 0 0 0 7 11 0 0 0 0 4 0 0 0 0
建议 0 0 0 6 1 1 0 0 0 0 0 0 0 14 0
压力 0 0 5 0 0 1 2 0 0 2 0 3 0 2 7
镐 0 0 0 6 2 0 0 0 2 0 2 0 0 0 10
黑色 2 0 0 4 0 0 0 6 3 0 0 0 0 0 3
捷达 9 0 0 3 0 0 0 0 3 0 0 0 3 0 0
平板 8 0 7 3 0 0 0 0 0 0 0 0 0 0 0
走势 0 0 0 1 0 0 0 0 0 0 0 3 0 0 14
文化 4 0 0 0 0 0 0 0 0 13 0 0 3 0 0
状况 0 4 0 0 0 4 0 0 0 0 1 0 1 2 8
房产 0 0 1 0 0 6 0 0 0 0 0 13 0 0 0
时代 4 2 0 0 0 0 5 0 0 0 0 0 0 0 9
小学 0 0 0 0 0 0 0 4 11 0 0 2 4 0 1
事情 4 0 2 1 0 14 0 0 0 1 0 0 0 0 0
现实 1 0 0 0 0 0 0 0 7 0 2 11 0 1 0
奸 3 0 1 2 0 0 2 0 0 3 0 4 3 0 4
强国 6 5 0 0 0 0 0 0 8 0 3 0 0 0 0
变细 7 0 0 0 0 4 0 0 0 0 0 0 6 3 0
感情 4 0 0 0 8 0 0 0 3 0 3 0 0 0 2
手段 0 0 5 0 4 0 0 0 11 0 0 0 0 0 0
最新 0 0 0 0 0 0 0 3 0 3 0 0 0 14 0
保险 0 3 0 0 0 0 9 0 6 0 0 0 0 0 0
案件 0 0 0 0 0 0 3 0 11 0 0 0 0 4 0
资本 0 0 2 0 0 2 8 6 0 0 0 0 0 0 2
低 1 0 0 0 11 0 0 0 2 5 0 1 0 0 0
电脑 0 0 1 0 0 0 11 5 0 1 0 0 0 0 0
强大 0 0 0 0 0 0 0 0 10 0 0 0 0 5 3
农村 1 0 0 0 12 0 0 0 0 0 0 0 3 2 0
基础 0 0 0 4 0 3 0 0 0 6 0 5 0 0 0
白色 3 0 0 6 0 0 0 2 0 5 0 0 0 0 2
群体 0 0 5 11 0 0 0 0 0 2 0 0 0 0 0
动人 8 4 0 2 0 0 0 0 0 3 1 0 0 0 0
中心 0 0 0 0 8 6 0 2 0 0 0 0 0 0 4
项目 0 0 0 0 0 0 0 0 3 0 8 6 2 0 1
人类 0 9 0 0 0 0 7 0 0 0 0 4 0 0 0
中学 0 0 0 0 0 0 0 0 0 0 1 16 0 3 0
政府 1 0 9 1 0 0 0 2 0 7 0 0 0 0 0
技术 0 0 0 3 0 0 0 0 4 0 0 3 0 10 0
地址 7 2 0 2 0 1 0 0 0 0 0 0 4 2 2
个人 7 0 6 0 0 4 0 0 0 0 0 1 0 0 2
微 1 0 0 0 3 10 0 0 0 0 0 0 2 0 4
好人 0 0 0 6 0 3 8 0 0 0 3 0 0 0 0
光 0 0 0 0 5 0 0 0 0 0 0 4 0 0 11
新华网 6 0 4 6 0 0 0 0 0 0 0 4 0 0 0
早 0 0 1 0 9 0 0 1 0 8 0 0 1 0 0
道理 0 7 0 2 0 0 0 0 7 0 0 0 0 0 0
中文网 2 0 0 0 0 10 0 0 0 0 0 4 0 0 0
报告 0 0 0 0 4 0 0 5 0 0 0 2 3 4 0
先生 4 0 0 0 0 7 2 0 0 4 0 0 0 0 1
父亲 0 3 0 0 2 0 0 0 0 0 8 5 0 0 0
水平 2 0 0 0 10 0 1 0 0 0 0 4 0 1 0
刀 5 0 2 0 0 0 2 0 0 0 0 6 3 0 0
消费者 0 0 3 0 0 0 0 7 8 0 0 0 0 0 0
撇 0 0 0 0 0 0 0 5 0 7 3 0 0 0 3
地方 0 0 8 0 0 0 0 0 6 3 0 0 1 0 0
室 0 5 0 0 0 0 3 0 0 0 0 0 5 1 4
灰 0 6 5 0 0 7 0 0 0 0 0 0 0 0 0
纳斯达克 0 0 0 0 0 0 0 10 0 8 0 0 0 0 0
消息 1 7 0 0 0 0 0 0 1 0 0 0 9 0 0
妇女节 0 7 0 0 0 0 0 0 0 0 2 5 0 0 4
信息 0 5 9 0 0 0 0 0 4 0 0 0 0 0 0
腾讯 0 0 0 0 2 0 0 0 0 0 4 8 4 0 0
派出所 0 0 0 0 4 0 12 0 0 0 0 0 0 0 0
小贩 0 8 0 0 1 0 0 0 0 7 0 0 0 0 0
科技 0 0 0 0 1 0 3 0 0 7 0 0 0 0 5
月份 0 0 0 0 0 14 0 2 0 0 0 0 0 0 0
白 2 12 0 0 0 0 0 0 0 3 0 0 0 0 1
官 0 0 6 0 0 0 1 0 2 0 0 1 0 8 0
网络 1 0 0 0 0 0 0 2 9 1 5 0 0 0 0
国人 0 0 0 0 0 0 0 3 0 0 2 5 0 8 0
职工 0 0 0 0 0 2 7 9 0 0 0 0 0 0 0
老人 12 0 0 0 0 1 0 0 0 2 0 3 0 0 0
幼儿园 0 0 2 0 0 0 6 1 0 6 0 0 0 3 0
一般 0 0 0 0 3 0 7 0 2 0 0 0 0 2 4
老板 0 0 0 0 0 0 1 8 6 0 3 0 0 0 0
朋友 0 0 0 7 2 0 0 0 0 0 0 0 2 7 0
门 0 0 0 1 0 0 0 0 0 0 0 11 3 3 0
钱 0 0 0 0 0 6 0 5 0 0 0 1 0 6 0
电商 0 0 3 0 0 0 0 0 0 0 0 4 7 2 0
民主 0 0 12 0 0 0 0 0 0 0 0 0 4 0 0
欧元 6 0 0 0 5 3 0 0 0 0 2 0 0 0 0
医院 5 5 0 3 0 0 0 0 1 0 0 0 0 0 2
委员 0 2 0 0 9 0 3 0 0 0 0 0 2 0 0
乐 0 0 8 0 0 0 0 0 8 0 0 0 0 0 0
联系人 0 0 0 0 0 3 0 2 0 0 0 0 3 5 3
快 0 2 0 5 0 0 0 0 0 0 0 0 7 0 2
省 2 0 0 0 0 11 0 0 3 0 0 0 0 0 0
邪恶 0 0 0 0 2 0 6 4 0 0 0 0 0 4 0
实力 0 0 15 0 0 0 0 0 0 0 0 1 0 0 0
特点 0 6 0 3 0 0 0 0 0 0 1 0 0 0 6
具体 0 0 0 0 0 3 2 0 0 0 0 0 11 0 0
整体 0 0 0 0 0 8 0 0 0 0 0 0 3 5 0
情 0 0 0 0 0 12 0 0 2 0 0 0 0 2 0
江西 0 0 0 0 0 1 0 0 0 3 0 0 10 0 0
伦敦 0 0 6 0 0 0 0 0 0 4 0 0 0 4 0
属性 0 0 0 0 8 0 0 0 0 0 0 2 4 0 0
预算 0 6 0 0 7 1 0 0 0 0 0 0 0 0 0
搜狐 0 0 0 0 0 0 0 0 0 0 0 1 10 2 1
处 1 0 0 3 4 0 0 0 0 0 0 0 0 3 5
小姐 0 0 0 0 5 3 0 4 0 0 0 0 1 0 3
模式 0 0 0 0 0 0 0 0 0 0 0 0 0 15 1
近 0 0 0 14 2 0 0 0 0 0 0 0 0 0 0
康 0 0 0 0 13 3 0 0 0 0 0 0 0 0 0
利好 0 1 0 0 0 0 0 3 0 0 0 1 6 0 5
官员 0 0 0 0 0 0 8 0 2 1 0 0 5 0 0
课 5 0 0 0 0 0 1 0 0 0 0 0 10 0 0
不要脸 0 0 0 0 1 0 0 0 0 0 0 3 0 0 12
一生 0 0 0 0 0 0 5 2 6 0 0 0 0 3 0
节 0 0 3 2 3 0 0 0 7 0 0 0 1 0 0
纯 0 0 0 1 0 8 0 0 0 0 0 0 0 0 7
硕士 0 2 0 3 0 0 0 0 1 0 0 9 0 0 1
环境 4 0 4 0 0 0 0 0 0 6 0 0 0 0 2
老婆 0 3 0 0 3 0 0 10 0 0 0 0 0 0 0
公平 0 0 0 3 3 0 0 0 0 0 2 0 2 6 0
福 0 0 0 0 0 0 0 3 0 7 0 3 0 0 3
欧洲 3 0 0 0 0 0 0 0 9 0 0 2 0 0 0
甜蜜 3 0 0 0 0 0 0 4 2 0 5 0 0 0 0
足 5 0 0 0 3 4 0 0 0 2 0 0 0 0 0
贷款 0 0 0 0 0 0 0 0 0 6 0 0 0 0 8
生命 0 0 0 0 0 0 11 3 0 0 0 0 0 0 0
厂家 0 4 0 0 0 0 0 0 0 0 0 10 0 0 0
城 0 0 0 0 0 0 0 0 0 0 0 0 2 12 0
性生活 0 0 1 4 5 0 0 4 0 0 0 0 0 0 0
历史 0 0 2 0 0 0 0 0 0 8 0 0 0 4 0
基点 0 0 0 0 0 2 10 0 0 0 2 0 0 0 0
视频 0 0 2 0 0 3 0 0 0 0 0 0 0 0 9
法院 2 0 0 0 0 0 8 0 0 0 0 0 0 2 2
条件 0 0 0 0 14 0 0 0 0 0 0 0 0 0 0
过程 6 0 0 4 0 0 0 0 2 0 2 0 0 0 0
百姓 0 0 0 0 0 4 0 2 0 0 2 0 0 6 0
商务 0 0 0 4 0 0 2 0 0 0 0 8 0 0 0
时尚 5 0 0 0 6 0 3 0 0 0 0 0 0 0 0
大便 0 0 0 0 0 0 0 1 1 0 0 0 0 11 1
卡 0 2 0 0 0 2 0 0 0 0 8 2 0 0 0
股价 9 0 0 0 0 0 0 0 3 0 0 2 0 0 0
家庭 0 0 0 0 0 0 6 0 0 0 4 0 3 1 0
赛季 2 0 0 0 0 2 2 4 0 0 0 4 0 0 0
汽车 2 7 0 0 5 0 0 0 0 0 0 0 0 0 0
对手 0 2 0 0 0 0 0 0 5 0 0 0 0 7 0
方面 0 0 0 2 0 0 0 0 2 0 2 0 0 0 8
网站 0 7 4 0 0 0 0 0 0 0 0 0 3 0 0
不好 0 0 2 7 0 0 5 0 0 0 0 0 0 0 0
客户 0 1 0 0 0 0 0 0 0 13 0 0 0 0 0
城市 0 0 0 0 0 0 0 0 0 0 0 13 0 1 0
枣 0 9 0 0 0 0 0 2 0 1 0 0 0 0 2
红 0 1 0 0 0 0 0 0 6 6 0 0 0 0 1
精神 12 0 0 0 0 0 0 1 0 0 0 0 0 1 0
效果 0 0 9 0 0 0 0 0 0 5 0 0 0 0 0
地区 0 0 1 9 0 2 0 0 0 1 0 0 0 0 1
严重 0 0 0 0 0 0 0 2 0 12 0 0 0 0 0
市 0 0 2 0 2 0 5 0 5 0 0 0 0 0 0
差 0 0 5 0 0 0 1 0 0 0 0 3 3 0 2
微机 0 0 0 0 0 0 0 0 2 0 0 0 12 0 0
外孙 0 0 0 0 0 0 0 0 0 0 0 13 0 0 1
原理 8 0 0 0 0 4 0 0 0 0 0 2 0 0 0
电力 0 0 0 0 0 0 0 0 3 11 0 0 0 0 0
外壳 0 1 0 9 0 1 0 0 0 0 0 0 0 3 0
最好 0 0 0 0 2 0 0 6 2 0 0 4 0 0 0
一步一个脚印 0 0 8 1 0 0 0 5 0 0 0 0 0 0 0
能量 0 9 1 0 0 0 0 0 0 0 0 4 0 0 0
材料 0 0 0 0 0 0 0 0 0 12 0 0 0 2 0
活生生 0 0 0 0 0 3 2 5 0 0 4 0 0 0 0
龙 0 0 0 3 0 0 0 0 11 0 0 0 0 0 0
潇 0 0 2 0 0 0 0 0 0 0 0 7 0 5 0
清华大学电机系 1 0 0 0 0 0 3 0 0 0 1 0 0 0 9
清华 0 0 1 0 0 0 0 0 0 4 1 0 6 2 0
人生 0 11 0 0 0 0 1 2 0 0 0 0 0 0 0
女性 4 0 0 3 0 0 0 0 0 0 0 7 0 0 0
浔 0 0 0 0 0 0 0 0 0 5 0 5 4 0 0
阳江 0 0 0 0 0 0 0 0 0 6 0 0 0 2 6
蓉 0 0 0 0 0 0 0 0 0 0 5 8 0 0 1
樱桃 0 0 0 0 0 0 0 1 0 0 0 8 0 0 5
最高 0 0 4 0 0 0 3 4 0 0 3 0 0 0 0
气 0 1 0 0 0 0 0 0 0 0 0 0 13 0 0
电机系 0 0 0 0 0 0 0 0 5 4 0 0 3 0 2
参 0 11 0 0 0 0 1 0 0 0 0 0 0 0 2
质量 0 0 0 0 0 0 4 3 5 0 0 0 0 2 0
大专 0 0 0 2 0 0 0 0 0 0 1 0 0 4 7
全 6 0 0 0 0 0 0 6 0 0 0 2 0 0 0
外国人 0 1 0 1 0 0 0 0 0 0 0 12 0 0 0
做法 3 3 0 0 0 0 0 7 0 0 0 0 0 1 0
爸爸 0 0 0 6 1 0 0 5 2 0 0 0 0 0 0
外籍 0 3 3 0 0 5 0 0 0 0 2 0 0 0 1
丫 0 0 0 0 0 0 0 0 0 9 0 0 5 0 0
司局级 0 0 0 0 1 0 0 0 8 0 0 0 5 0 0
老先生 0 0 0 0 0 0 1 0 0 0 2 0 5 0 6
本报讯 0 0 0 0 0 7 0 0 0 0 0 7 0 0 0
重大 1 0 0 0 0 0 3 0 0 5 1 0 0 0 4
华北电力大学 0 0 0 0 0 0 7 0 0 0 0 0 7 0 0
不错 0 0 0 0 0 0 3 0 2 1 0 8 0 0 0
失业金 3 0 0 0 4 0 0 0 0 0 0 0 0 0 5
四大 0 2 0 0 0 0 1 0 0 3 5 0 0 0 1
志愿 6 0 0 0 0 0 0 6 0 0 0 0 0 0 0
就业人数 0 0 0 10 0 0 1 0 0 0 0 0 0 1 0
大东区 0 0 0 0 6 0 1 0 0 0 5 0 0 0 0
城镇化 0 0 0 0 0 0 3 0 1 6 0 2 0 0 0
游戏 0 0 0 0 0 0 0 0 0 7 0 5 0 0 0
软管 0 2 0 0 0 0 0 8 0 0 0 1 0 1 0
微小 0 0 0 0 0 0 3 0 0 0 2 4 0 3 0
吸尘器 0 0 0 0 0 8 0 0 0 0 0 0 0 3 1
写真 0 2 6 0 1 0 0 0 0 1 0 2 0 0 0
提名人 0 0 0 0 0 0 9 0 0 2 0 0 1 0 0
通知 0 6 1 0 0 0 0 0 0 0 0 0 0 5 0
梦幻 11 0 1 0 0 0 0 0 0 0 0 0 0 0 0
心理战 2 0 0 0 0 4 0 0 0 0 0 0 6 0 0
成本 0 0 0 0 0 12 0 0 0 0 0 0 0 0 0
人数 0 0 0 0 0 0 4 0 0 0 0 0 1 6 1
机构 2 0 0 0 0 0 0 0 0 0 0 0 0 10 0
长沙 0 2 0 0 0 0 0 0 0 0 2 0 0 8 0
净利润 2 0 0 0 0 0 6 0 0 0 0 0 0 0 4
住房 0 0 0 0 0 0 0 8 0 0 0 0 0 4 0
力 0 0 0 0 0 0 0 0 0 9 0 0 3 0 0
商业 0 0 0 0 0 0 0 1 0 0 11 0 0 0 0
妈妈 0 0 0 11 0 0 0 0 0 0 0 0 0 0 1
短信 0 0 0 0 0 0 0 3 4 4 0 0 0 1 0
日 0 0 0 0 0 0 0 0 9 0 0 0 0 0 3
法治 0 0 0 6 0 0 5 0 0 0 0 0 1 0 0
频道 0 0 0 2 2 0 7 0 1 0 0 0 0 0 0
明星 6 0 0 0 0 0 0 1 3 0 0 0 0 0 2
店 0 0 0 0 0 0 1 0 2 0 2 0 7 0 0
屋 0 0 5 2 0 0 0 0 4 0 0 0 0 0 1
计划 2 0 0 0 0 0 1 0 2 0 0 0 3 0 4
真实 0 0 0 0 0 0 0 0 0 4 0 0 0 0 8
性能 0 0 3 3 0 6 0 0 0 0 0 0 0 0 0
工业 0 0 0 0 4 0 0 0 0 0 0 4 4 0 0
美女 0 0 0 1 0 0 0 0 8 3 0 0 0 0 0
牛奶 0 4 6 0 0 0 0 0 0 0 1 0 0 0 1
用户 0 0 0 0 0 0 2 0 0 5 5 0 0 0 0
天下 0 0 5 0 0 0 0 0 0 7 0 0 0 0 0
学校 0 2 0 2 0 4 4 0 0 0 0 0 0 0 0
局长 1 0 0 0 0 4 0 0 0 0 3 0 0 0 4
售价 0 1 0 0 0 0 0 0 0 0 0 0 3 3 5
我国 0 0 0 0 0 2 0 6 0 0 0 3 0 1 0
书 0 0 0 0 11 0 0 0 0 0 0 1 0 0 0
昆 0 0 0 0 2 0 0 0 0 0 2 0 5 0 3
状态 0 3 0 0 0 2 1 0 0 0 0 0 0 0 6
屏幕 6 0 0 0 0 0 0 0 0 0 6 0 0 0 0
大连 0 0 0 0 0 6 0 0 3 0 0 0 3 0 0
山东鲁能 0 0 0 0 7 0 5 0 0 0 0 0 0 0 0
三星 0 0 0 0 0 0 0 0 0 0 0 4 0 8 0
和谐 0 5 3 0 0 0 0 0 1 0 0 3 0 0 0
台湾 0 0 0 0 0 0 0 0 0 0 1 3 8 0 0
轻 0 1 0 5 0 0 0 0 0 0 0 0 0 6 0
方向 0 0 0 0 0 0 0 11 0 0 0 1 0 0 0
平安 0 0 0 0 1 0 0 3 4 0 0 0 4 0 0
权利 0 0 0 2 0 0 4 0 6 0 0 0 0 0 0
姑娘 5 2 2 0 1 0 0 0 1 0 0 0 1 0 0
理由 0 0 0 0 0 8 0 0 0 0 4 0 0 0 0
亲戚 0 0 0 0 5 0 0 2 0 5 0 0 0 0 0
办公室 0 0 0 0 0 0 0 0 0 0 5 7 0 0 0
身份 0 0 0 0 0 2 0 0 0 0 0 0 6 4 0
同志 0 0 3 0 0 4 0 2 3 0 0 0 0 0 0
部门 0 9 3 0 0 0 0 0 0 0 0 0 0 0 0
错误 6 4 0 0 0 0 0 0 0 2 0 0 0 0 0
协议 1 0 0 0 0 0 0 7 0 0 0 4 0 0 0
楠 0 0 0 0 0 0 4 0 8 0 0 0 0 0 0
儿 9 0 0 0 0 0 0 0 0 3 0 0 0 0 0
僵 0 0 3 3 0 5 0 0 0 0 1 0 0 0 0
值 0 0 2 0 0 4 0 0 3 0 0 0 0 0 3
媒体 5 0 0 0 0 0 0 0 0 0 5 0 0 2 0
照片 0 2 0 0 0 1 1 1 0 7 0 0 0 0 0
思想 0 0 8 0 0 2 0 2 0 0 0 0 0 0 0
一致 0 0 0 0 0 0 3 0 0 0 0 2 0 0 7
精彩 0 0 1 0 0 0 0 0 0 0 0 0 0 3 8
蓝莓 0 0 0 0 5 0 0 6 0 1 0 0 0 0 0
草莓 0 0 0 3 0 0 0 0 9 0 0 0 0 0 0
公安 0 0 0 0 0 0 0 0 0 10 1 0 0 1 0
蒸汽 0 0 0 7 0 0 0 0 0 3 0 0 0 0 0
车 0 0 0 0 0 7 0 0 0 0 0 0 3 0 0
学生 0 1 2 0 0 4 0 0 0 3 0 0 0 0 0
皮 0 0 0 0 0 1 0 0 0 0 0 0 0 9 0
科创 10 0 0 0 0 0 0 0 0 0 0 0 0 0 0
天涯 0 0 0 0 0 0 1 1 0 0 3 0 5 0 0
塔 3 0 0 0 0 0 1 0 0 0 0 6 0 0 0
广泛 0 0 0 0 0 1 8 0 0 0 0 0 0 1 0
财产 0 0 0 0 0 0 0 0 7 3 0 0 0 0 0
层面 7 0 0 0 0 0 0 0 3 0 0 0 0 0 0
决议 0 0 0 1 0 0 0 0 3 1 0 3 0 0 2
雨 0 0 2 0 0 3 2 0 0 0 0 0 0 3 0
国贸 0 0 0 0 0 8 0 2 0 0 0 0 0 0 0
女装 0 0 0 8 0 0 0 0 0 0 0 0 0 0 2
咖啡色 0 0 0 0 0 3 5 0 0 0 0 0 0 0 2
股市 0 0 0 0 7 0 0 0 0 0 3 0 0 0 0
妇联 0 0 0 0 0 5 0 0 0 0 0 0 0 0 5
广州 0 0 0 0 0 2 2 0 0 0 0 0 0 0 6
基本 0 0 0 0 3 0 7 0 0 0 0 0 0 0 0
奢华 3 0 0 3 0 3 0 0 0 0 0 1 0 0 0
民众 0 0 0 0 0 0 1 8 1 0 0 0 0 0 0
宪 0 0 0 0 5 0 0 2 0 0 0 0 0 0 3
规定 4 6 0 0 0 0 0 0 0 0 0 0 0 0 0
事件 0 0 0 0 0 0 0 0 0 9 0 0 0 0 1
知识 0 0 0 0 4 2 0 0 0 0 0 0 0 4 0
天气 0 0 3 0 0 0 0 0 0 0 0 6 0 0 1
表 0 0 0 0 0 0 0 1 0 0 0 5 4 0 0
部分 0 0 0 6 0 0 0 0 0 0 0 0 0 4 0
法律 0 0 0 4 0 0 0 0 1 0 0 0 0 5 0
爱情 0 1 0 0 0 0 0 0 9 0 0 0 0 0 0
传统 0 0 0 0 5 0 0 5 0 0 0 0 0 0 0
民生 0 0 0 0 0 0 0 0 0 0 3 7 0 0 0
福利 4 0 0 0 1 0 0 0 0 5 0 0 0 0 0
智慧 0 2 0 0 0 0 0 3 0 0 0 0 0 0 5
部长 0 0 0 0 0 0 0 4 0 0 0 3 3 0 0
信 0 0 0 0 0 3 0 0 0 0 0 0 0 7 0
细节 0 0 0 0 0 0 0 3 5 2 0 0 0 0 0
浏览器 0 0 0 0 0 0 5 0 0 0 0 5 0 0 0
特价 2 0 0 2 0 5 0 1 0 0 0 0 0 0 0
图片 5 0 0 0 1 0 0 0 0 0 0 0 4 0 0
专业 0 0 7 0 0 0 0 0 0 0 0 0 3 0 0
幸福 0 0 0 0 0 0 0 0 4 3 3 0 0 0 0
客场 0 0 0 0 0 10 0 0 0 0 0 0 0 0 0
砖 2 0 0 0 0 0 0 0 0 1 0 0 0 0 7
人们 0 0 1 0 0 0 0 0 0 1 3 0 0 3 2
正义 0 0 0 3 0 0 0 0 0 0 0 0 4 0 3
浪漫 0 1 1 0 4 0 0 0 0 4 0 0 0 0 0
弧 0 0 0 0 2 7 0 0 0 1 0 0 0 0 0
单位 0 5 1 3 0 0 0 0 0 0 0 0 0 1 0
政策 0 0 1 0 3 0 0 3 0 0 0 0 0 3 0
山水 3 0 0 0 0 0 0 0 0 0 7 0 0 0 0
飞花 0 0 2 0 2 0 0 0 0 0 2 0 0 0 4
敏感 0 0 0 0 0 0 0 0 0 0 0 6 3 1 0
太多 0 0 0 0 0 0 0 4 0 0 0 0 6 0 0
优点 0 6 0 0 0 0 0 0 0 0 0 3 1 0 0
体育讯 2 0 3 5 0 0 0 0 0 0 0 0 0 0 0
差劲 0 3 2 0 1 0 0 0 0 4 0 0 0 0 0
儿子 0 0 0 0 0 0 0 0 0 7 3 0 0 0 0
详情 0 0 0 0 0 0 0 9 0 0 0 0 1 0 0
牌 4 1 0 0 0 0 0 0 0 0 3 0 0 0 2
家人 0 0 0 0 4 0 0 0 0 0 0 5 0 0 1
统治者 1 0 0 0 0 0 0 0 9 0 0 0 0 0 0
老公 0 0 5 0 0 0 0 0 1 0 0 3 0 1 0
姜 5 0 0 0 0 0 0 0 5 0 0 0 0 0 0
工艺 0 0 0 0 0 0 0 0 7 1 0 2 0 0 0
癌症 0 0 0 0 3 0 0 2 2 0 0 0 3 0 0
妈 2 0 0 0 2 0 0 0 0 0 0 0 0 2 4
热 2 1 0 0 0 0 0 7 0 0 0 0 0 0 0
山东 0 0 6 0 1 0 0 0 3 0 0 0 0 0 0
准确 0 2 0 2 0 0 3 0 0 1 0 0 0 2 0
机会 6 0 0 0 0 0 0 0 3 0 0 0 0 1 0
原因 0 0 0 3 4 0 0 0 0 0 0 0 0 0 3
入口 2 0 0 4 0 0 0 0 4 0 0 0 0 0 0
实际 0 0 0 2 0 4 0 0 0 0 0 0 4 0 0
鸡 0 1 0 3 0 0 0 0 0 0 0 0 0 6 0
深 1 1 0 0 3 0 0 4 0 0 0 0 0 0 1
商 0 0 0 0 0 0 0 2 7 0 0 0 0 1 0
法 1 0 0 0 4 0 0 0 2 3 0 0 0 0 0
汤 0 0 0 0 0 0 0 0 0 0 0 0 0 6 4
空间 0 0 0 0 4 0 0 6 0 0 0 0 0 0 0
公主 1 0 0 0 0 0 0 0 0 0 0 1 8 0 0
函 0 0 0 0 0 0 0 0 0 0 6 0 0 4 0
冰 0 0 0 0 1 0 0 0 0 2 3 0 4 0 0
知名 0 2 0 0 0 0 0 0 0 0 0 0 0 7 1
桥 0 0 0 0 4 0 0 0 0 0 6 0 0 0 0
档 0 0 0 1 0 0 0 0 0 9 0 0 0 0 0
年代 2 0 0 7 0 0 0 1 0 0 0 0 0 0 0
同行 0 0 0 7 0 0 0 0 0 0 0 0 0 1 2
利空 0 0 0 0 10 0 0 0 0 0 0 0 0 0 0
温州 0 0 0 0 0 0 0 0 0 0 0 2 0 6 2
热线 0 0 0 0 3 1 0 0 0 0 0 2 4 0 0
沙子 0 0 1 0 0 0 2 0 0 7 0 0 0 0 0
宏大 0 0 0 2 0 0 0 3 0 0 0 0 3 0 0
云南 3 0 0 0 0 0 0 0 0 0 4 0 0 0 1
日期 0 0 0 0 1 0 0 0 0 0 7 0 0 0 0
警察 1 0 0 0 0 0 0 0 0 0 0 7 0 0 0
红枣 0 0 2 0 0 0 0 0 1 0 0 3 2 0 0
体制 0 0 0 1 0 0 2 0 2 3 0 0 0 0 0
新品 2 0 0 3 0 0 0 0 0 3 0 0 0 0 0
口号 0 4 0 1 0 0 0 0 0 3 0 0 0 0 0
欠款 0 0 3 0 5 0 0 0 0 0 0 0 0 0 0
作者 0 0 0 0 0 4 0 0 0 0 0 0 0 4 0
象 0 0 0 8 0 0 0 0 0 0 0 0 0 0 0
班 0 0 0 0 5 0 0 3 0 0 0 0 0 0 0
资产 0 0 0 0 0 0 0 0 0 0 0 0 0 0 8
路况 8 0 0 0 0 0 0 0 0 0 0 0 0 0 0
中央 0 5 3 0 0 0 0 0 0 0 0 0 0 0 0
公告 0 0 0 0 0 0 7 0 0 1 0 0 0 0 0
商品 0 0 0 0 4 0 0 0 0 4 0 0 0 0 0
大厦 0 3 0 0 4 0 0 0 0 0 0 0 0 0 1
广告 0 2 5 0 0 0 0 1 0 0 0 0 0 0 0
饮食 1 0 0 0 0 0 0 3 0 4 0 0 0 0 0
节目 0 0 0 0 2 0 0 0 0 0 3 0 0 3 0
保护套 0 0 0 0 8 0 0 0 0 0 0 0 0 0 0
深圳市 0 0 0 0 8 0 0 0 0 0 0 0 0 0 0
人大代表 0 8 0 0 0 0 0 0 0 0 0 0 0 0 0
双方 6 0 0 0 0 0 0 0 0 0 0 0 0 2 0
期限 0 0 0 0 0 0 4 0 0 0 4 0 0 0 0
华 0 2 0 0 0 0 0 0 0 0 0 6 0 0 0
重量 5 0 3 0 0 0 0 0 0 0 0 0 0 0 0
医疗 0 4 0 0 0 0 0 0 0 0 0 0 0 0 4
长春 0 0 0 0 0 1 0 0 0 6 1 0 0 0 0
学会 0 0 0 0 0 6 0 0 0 0 2 0 0 0 0
女孩 0 0 0 0 2 0 0 0 0 0 0 0 6 0 0
行为 0 0 0 0 0 1 0 0 0 0 6 0 0 0 1
说法 0 0 6 0 0 0 0 0 0 0 0 2 0 0 0
费用 0 0 0 5 0 0 0 2 0 0 0 0 0 0 1
事实 0 0 7 0 0 0 0 0 1 0 0 0 0 0 0
梦想 0 0 0 5 0 0 0 0 0 0 0 0 0 3 0
经典 0 1 0 0 1 0 1 2 0 0 0 2 1 0 0
信心 0 0 0 0 0 0 0 8 0 0 0 0 0 0 0
土地 0 0 6 2 0 0 0 0 0 0 0 0 0 0 0
老百姓 3 0 0 0 0 0 0 0 4 0 0 0 0 1 0
新华社 0 0 0 0 2 1 0 0 0 5 0 0 0 0 0
酒 0 0 1 3 2 0 0 0 0 0 2 0 0 0 0
建筑面积 0 0 0 0 0 0 0 0 2 4 0 0 0 2 0
干部 0 0 0 5 0 1 0 0 0 0 0 0 2 0 0
皮套 0 0 0 0 3 0 0 0 5 0 0 0 0 0 0
性 0 0 0 0 3 0 0 0 0 0 0 0 5 0 0
先进 0 0 0 0 0 0 0 0 2 0 0 6 0 0 0
大学 0 6 0 0 0 0 0 0 0 0 0 0 2 0 0
深度 0 0 4 0 0 0 4 0 0 0 0 0 0 0 0
通讯员 0 0 0 0 0 0 0 0 0 0 0 4 0 0 4
文字 0 0 0 0 0 2 0 0 6 0 0 0 0 0 0
弱 0 0 0 0 0 0 0 0 3 0 0 0 0 0 5
非农 0 0 0 2 5 0 0 0 0 0 0 0 0 0 1
方法 2 0 0 0 0 0 0 3 0 0 0 0 0 0 3
根本 0 0 0 0 0 0 0 0 6 0 0 0 2 0 0
夫妻 0 0 0 0 0 0 0 4 3 0 0 0 1 0 0
金融信息 5 0 0 0 0 0 0 3 0 0 0 0 0 0 0
痛 0 0 0 0 0 0 2 0 0 1 0 0 0 5 0
善良 0 0 0 6 0 0 2 0 0 0 0 0 0 0 0
稀有 0 2 0 0 0 0 0 0 0 0 0 6 0 0 0
微雨 0 0 0 0 0 0 0 0 5 0 0 0 0 3 0
内涵 0 0 5 0 0 2 1 0 0 0 0 0 0 0 0
家具 0 0 0 0 0 3 0 0 0 0 1 0 0 2 2
焦点 0 0 0 4 0 0 4 0 0 0 0 0 0 0 0
天街 0 0 0 0 0 0 0 0 4 0 0 0 3 1 0
湖面 0 0 6 0 0 0 0 2 0 0 0 0 0 0 0
节日 0 1 0 0 0 0 0 0 0 0 0 7 0 0 0
权力 0 0 0 5 0 0 2 0 0 0 0 0 0 1 0
时报 3 0 0 0 0 0 0 4 0 0 0 0 1 0 0
女星 0 0 0 0 0 0 3 0 0 0 0 5 0 0 0
中间价 0 0 0 0 3 3 0 2 0 0 0 0 0 0 0
人才 0 0 0 7 0 0 0 0 0 0 0 0 1 0 0
尊贵 0 0 0 1 1 0 0 0 0 0 0 0 6 0 0
牛 0 3 4 0 0 0 0 0 0 1 0 0 0 0 0
表哥 0 0 0 0 0 8 0 0 0 0 0 0 0 0 0
宁哥 0 2 0 0 6 0 0 0 0 0 0 0 0 0 0
心情 0 2 0 0 0 0 0 0 0 0 0 2 0 4 0
厉害 0 0 0 0 0 0 0 0 0 8 0 0 0 0 0
淘宝 0 0 0 0 0 0 0 0 6 1 0 0 0 0 1
市井 0 0 0 0 2 0 0 0 5 0 0 1 0 0 0
机械 0 0 0 0 0 8 0 0 0 0 0 0 0 0 0
黑洞 0 0 0 3 0 0 0 4 0 0 1 0 0 0 0
农业 0 0 0 0 0 0 4 0 0 2 2 0 0 0 0
联赛 0 0 0 0 0 0 0 2 0 2 0 0 4 0 0
国会 0 0 0 0 0 0 0 0 0 0 0 0 0 8 0
高峰论坛 4 0 0 0 3 0 0 0 0 0 1 0 0 0 0
鞭炮 2 0 0 0 0 0 0 5 1 0 0 0 0 0 0
坏 0 0 0 1 0 0 0 0 0 0 0 2 5 0 0
责任 0 0 0 0 7 1 0 0 0 0 0 0 0 0 0
黑 5 0 0 0 0 2 0 0 1 0 0 0 0 0 0
战略 0 0 5 0 0 0 3 0 0 0 0 0 0 0 0
身体 0 0 0 0 0 0 0 0 0 8 0 0 0 0 0
昆明市 2 3 0 0 0 0 0 0 0 0 0 0 3 0 0
交通 0 0 0 2 0 0 0 0 0 4 2 0 0 0 0
清 0 0 5 0 0 0 0 0 0 0 0 0 0 0 3
淡 1 0 0 0 0 0 0 0 0 7 0 0 0 0 0
家禽 0 2 0 0 0 0 0 1 2 0 0 3 0 0 0
服务平台 0 0 0 1 6 0 0 0 0 0 0 1 0 0 0
板球 0 0 0 6 0 0 0 0 0 0 0 0 2 0 0
清楚 0 0 0 0 0 0 0 5 0 3 0 0 0 0 0
汗 3 0 0 0 0 2 0 0 0 0 3 0 0 0 0
吉 0 0 1 0 0 0 0 0 0 0 4 0 3 0 0
房地产 0 4 0 0 0 0 0 4 0 0 0 0 0 0 0
惊艳 0 0 4 4 0 0 0 0 0 0 0 0 0 0 0
毛竹 0 0 0 0 1 0 0 0 0 0 6 0 0 1 0
思维 1 0 0 0 0 6 0 0 0 1 0 0 0 0 0
苯 0 3 0 0 0 0 0 0 0 0 0 5 0 0 0
词语 4 1 0 0 0 0 0 0 2 0 0 0 0 1 0
病人 0 0 0 0 0 0 0 0 0 0 8 0 0 0 0
亲爱 0 0 0 0 0 0 0 0 0 2 0 6 0 0 0
主题 0 0 0 0 0 0 0 0 0 0 3 3 0 0 2
舟 0 0 0 0 0 0 0 0 0 1 0 0 0 3 4
西红柿 0 0 0 0 0 0 0 0 6 0 0 2 0 0 0
杂志 0 0 4 0 2 0 0 2 0 0 0 0 0 0 0
党 0 0 1 0 0 0 0 0 0 5 2 0 0 0 0
腐 0 0 0 0 0 0 0 0 0 0 0 1 0 6 1
同学 0 0 0 6 2 0 0 0 0 0 0 0 0 0 0
工程 0 0 0 0 0 0 0 0 1 0 0 0 0 0 7
上海 0 0 0 4 4 0 0 0 0 0 0 0 0 0 0
品质 2 0 0 0 4 0 0 2 0 0 0 0 0 0 0
媚俗 3 0 3 1 0 0 0 0 0 0 0 0 1 0 0
有限 0 0 8 0 0 0 0 0 0 0 0 0 0 0 0
特殊 0 3 0 0 3 0 0 0 0 0 0 2 0 0 0
物品 0 0 0 0 0 0 0 0 2 0 0 6 0 0 0
政治 0 0 0 0 0 0 5 0 0 0 0 0 0 3 0
粉色 0 0 0 0 4 4 0 0 0 0 0 0 0 0 0
金店 0 0 0 0 0 5 0 0 0 0 0 0 0 0 3
鞋 0 0 0 0 0 0 0 0 0 0 0 0 0 8 0
面 7 0 0 0 0 0 0 0 0 0 0 0 1 0 0
提案 0 3 0 0 0 0 0 3 2 0 0 0 0 0 0
金融服务 0 0 0 0 0 0 0 2 0 0 3 0 3 0 0
报导 0 7 0 0 0 0 1 0 0 0 0 0 0 0 0
女士 0 0 0 0 0 6 0 0 0 0 0 0 0 0 2
经验 0 1 0 0 1 0 0 0 0 6 0 0 0 0 0
发言人 0 0 0 0 0 2 0 6 0 0 0 0 0 0 0
易 0 0 0 0 0 0 0 0 0 4 4 0 0 0 0
独特 0 0 0 0 0 0 0 0 0 3 0 0 0 0 5
声音 0 0 1 0 0 0 5 0 0 0 0 0 0 2 0
策略 0 0 0 0 3 5 0 0 0 0 0 0 0 0 0
服务区 0 0 0 1 0 0 0 0 0 0 6 0 1 0 0
感觉 0 0 3 0 4 0 0 0 1 0 0 0 0 0 0
利息 7 0 0 0 0 0 0 0 0 1 0 0 0 0 0
结果 0 0 0 8 0 0 0 0 0 0 0 0 0 0 0
男女 0 4 0 0 0 0 4 0 0 0 0 0 0 0 0
制度 0 0 0 0 0 0 0 8 0 0 0 0 0 0 0
街道 0 0 0 0 2 0 0 0 0 0 0 0 0 2 4
钻石 6 0 0 0 0 0 2 0 0 0 0 0 0 0 0
速度 0 0 0 0 0 1 0 0 0 0 0 0 0 7 0
专一 0 0 0 0 0 0 0 0 0 3 0 0 4 1 0
资源 0 0 0 0 0 0 0 0 0 0 0 0 0 8 0
亲切 0 0 0 7 0 0 0 0 1 0 0 0 0 0 0
重点 0 0 0 0 3 5 0 0 0 0 0 0 0 0 0
组织 0 0 0 0 0 0 7 0 0 1 0 0 0 0 0
话题 0 0 0 0 0 8 0 0 0 0 0 0 0 0 0
父母 5 1 0 0 2 0 0 0 0 0 0 0 0 0 0
中都 0 0 0 1 0 0 0 0 0 7 0 0 0 0 0
幸运 0 0 0 1 2 0 0 0 0 0 0 5 0 0 0
巨大 0 0 0 0 0 7 0 0 0 0 1 0 0 0 0
简单 0 0 0 1 0 0 0 0 2 0 0 0 2 3 0
检察院 0 0 0 0 0 0 0 0 7 0 0 0 0 0 1
诚信 0 0 2 0 0 0 0 0 0 0 0 0 0 0 4
短 0 0 4 0 0 0 0 0 0 1 0 1 0 0 0
主帅 2 0 0 0 0 0 0 0 0 4 0 0 0 0 0
人事 0 0 0 3 3 0 0 0 0 0 0 0 0 0 0
城管局 0 0 0 1 5 0 0 0 0 0 0 0 0 0 0
彝 0 3 0 0 0 0 0 3 0 0 0 0 0 0 0
态度 0 0 0 0 0 3 2 0 0 0 0 0 1 0 0
浪漫情怀 0 0 0 0 0 0 0 0 0 3 0 0 0 3 0
厚度 0 1 0 0 1 0 0 0 0 0 4 0 0 0 0
地位 0 0 1 3 0 0 0 0 2 0 0 0 0 0 0
全世界 0 0 0 0 0 0 0 4 0 0 0 1 0 1 0
老朋友 0 4 2 0 0 0 0 0 0 0 0 0 0 0 0
有害 0 1 0 0 0 0 0 0 0 0 0 0 5 0 0
理想 0 0 3 1 0 0 0 0 0 0 2 0 0 0 0
乐观 0 0 0 0 0 0 0 0 4 0 0 1 1 0 0
山鬼 0 0 0 0 0 0 0 0 0 0 0 0 6 0 0
环节 5 0 0 1 0 0 0 0 0 0 0 0 0 0 0
国防部长 0 0 1 0 0 0 5 0 0 0 0 0 0 0 0
国民 0 0 0 0 0 0 0 2 0 0 0 0 3 0 1
员工 0 0 1 0 0 0 0 0 0 0 0 0 3 0 2
棕色 4 0 0 0 0 0 0 0 2 0 0 0 0 0 0
社长 1 1 0 0 0 4 0 0 0 0 0 0 0 0 0
民间 0 0 0 0 0 0 0 0 0 0 0 0 6 0 0
事儿 0 0 2 4 0 0 0 0 0 0 0 0 0 0 0
数字 4 0 0 0 0 0 0 0 0 0 0 0 0 2 0
真相 0 0 0 0 0 0 0 0 4 0 0 0 1 0 1
忙碌 0 0 0 0 3 0 0 3 0 0 0 0 0 0 0
尾 0 0 0 4 0 0 0 0 0 0 0 0 0 0 2
新华 3 0 0 0 0 0 0 0 0 0 0 3 0 0 0
公司地址 0 0 0 5 0 0 0 1 0 0 0 0 0 0 0
狗 0 0 0 0 0 0 1 0 0 1 0 0 4 0 0
英国 0 0 0 0 0 3 0 0 3 0 0 0 0 0 0
新加坡 0 3 0 0 1 2 0 0 0 0 0 0 0 0 0
妥当 3 0 2 0 0 0 0 0 0 0 0 0 1 0 0
听证会 0 0 0 0 3 0 0 0 0 3 0 0 0 0 0
外衣 0 0 0 0 0 0 0 0 0 0 6 0 0 0 0
鲜花 0 0 0 0 0 0 0 0 0 0 2 0 4 0 0
日报 0 0 0 0 2 0 0 0 0 0 0 0 0 4 0
委 0 0 0 0 0 0 0 0 0 0 6 0 0 0 0
乳腺 0 0 0 0 0 0 0 0 0 0 0 0 1 0 5
不足 0 0 0 0 0 0 0 0 6 0 0 0 0 0 0
网易 0 0 0 0 3 0 0 0 0 0 0 3 0 0 0
事业 0 0 0 3 0 0 0 0 0 0 0 0 3 0 0
业内人士 0 0 0 0 0 0 0 0 0 0 6 0 0 0 0
真诚 0 0 2 0 0 4 0 0 0 0 0 0 0 0 0
理论 4 0 0 0 0 0 0 0 0 2 0 0 0 0 0
利润 0 0 0 0 0 0 0 1 0 5 0 0 0 0 0
同胞们 0 0 0 0 0 0 0 0 0 0 0 0 0 6 0
信号 0 0 0 0 1 1 1 0 0 0 3 0 0 0 0
子女 0 6 0 0 0 0 0 0 0 0 0 0 0 0 0
垃圾 0 0 3 0 3 0 0 0 0 0 0 0 0 0 0
灵 4 2 0 0 0 0 0 0 0 0 0 0 0 0 0
街 0 0 0 0 0 0 0 0 0 0 0 0 2 4 0
名称 0 3 0 0 0 0 3 0 0 0 0 0 0 0 0
酸奶 0 2 0 0 1 0 0 3 0 0 0 0 0 0 0
平均 3 0 0 0 0 0 0 0 0 0 0 0 3 0 0
面积 0 0 0 0 0 0 0 3 3 0 0 0 0 0 0
思想观念 0 0 0 0 0 0 1 0 0 5 0 0 0 0 0
柠檬 0 0 0 0 0 4 0 0 0 0 0 0 0 2 0
东西 0 0 0 0 0 0 0 0 0 4 0 2 0 0 0
圣 0 0 0 1 0 3 2 0 0 0 0 0 0 0 0
兴庆区 0 0 0 0 5 0 0 0 0 1 0 0 0 0 0
核心 0 0 0 0 0 0 0 0 5 0 1 0 0 0 0
国 0 0 0 0 0 0 0 0 0 0 6 0 0 0 0
满 0 0 0 0 0 0 2 0 0 0 0 4 0 0 0
有司 0 0 0 0 0 0 1 0 0 0 0 5 0 0 0
童话 0 0 0 0 1 2 0 0 3 0 0 0 0 0 0
障碍 0 0 0 0 0 0 0 0 0 0 0 6 0 0 0
目的 0 0 0 0 0 0 2 0 0 0 0 4 0 0 0
瘦身 0 0 1 0 0 0 0 0 0 0 0 0 0 0 5
底儿 0 4 0 0 0 0 0 2 0 0 0 0 0 0 0
录像机 0 0 0 0 0 0 0 0 0 0 1 0 0 2 3
海 0 0 0 0 0 0 0 3 0 1 0 0 2 0 0
药片 0 0 0 0 0 0 0 0 3 0 0 0 0 0 3
角落 0 0 0 0 0 0 0 0 0 0 0 2 1 0 3
有力 0 6 0 0 0 0 0 0 0 0 0 0 0 0 0
原告 0 0 1 0 0 1 1 0 0 3 0 0 0 0 0
泪 0 0 0 0 1 4 0 0 0 0 0 1 0 0 0
爆料 0 0 0 2 0 0 0 0 0 0 0 0 0 4 0
蓝 0 1 0 0 0 0 0 0 0 0 0 0 0 3 2
楼主 0 0 0 0 6 0 0 0 0 0 0 0 0 0 0
人家 0 1 0 0 0 0 0 0 0 0 0 1 0 4 0
国防委员会 0 0 0 0 0 0 0 0 0 2 0 0 4 0 0
鱼 0 0 0 3 0 0 1 0 2 0 0 0 0 0 0
院方 0 6 0 0 0 0 0 0 0 0 0 0 0 0 0
叶 0 0 0 2 0 0 0 0 0 0 0 4 0 0 0
团队 2 0 0 0 0 0 0 4 0 0 0 0 0 0 0
毒 0 0 0 0 0 6 0 0 0 0 0 0 0 0 0
卖家 0 0 0 0 0 0 0 0 0 0 2 0 0 0 4
牌子 0 0 0 0 0 0 0 0 0 6 0 0 0 0 0
花园 0 0 0 0 0 0 0 0 0 0 0 1 0 0 5
原创 0 0 0 0 2 0 0 0 3 0 1 0 0 0 0
原则 0 0 0 0 0 0 0 0 0 0 0 0 6 0 0
养殖网 0 0 0 1 0 0 0 0 0 2 2 1 0 0 0
大陆 0 0 0 0 0 0 0 0 0 0 0 0 0 2 4
阳光 0 1 0 0 5 0 0 0 0 0 0 0 0 0 0
青年 0 0 1 0 0 0 0 0 0 0 0 4 1 0 0
民警 0 1 0 0 3 0 2 0 0 0 0 0 0 0 0
人士 0 0 0 0 0 0 0 0 0 0 0 0 4 2 0
净 0 0 0 0 3 0 0 3 0 0 0 0 0 0 0
末端 1 0 0 4 0 1 0 0 0 0 0 0 0 0 0
激情 3 2 0 0 0 0 0 0 0 0 1 0 0 0 0
实惠 0 0 0 0 0 0 0 1 0 5 0 0 0 0 0
饭 5 0 0 0 0 0 0 0 0 0 0 0 0 0 1
意思 5 0 0 0 0 0 0 0 1 0 0 0 0 0 0
合理 6 0 0 0 0 0 0 0 0 0 0 0 0 0 0
吸嘴 3 0 0 0 0 0 0 0 0 0 0 0 3 0 0
脸 0 0 0 0 0 0 0 0 0 0 0 0 0 6 0
标志 0 0 0 0 0 0 0 0 0 0 0 0 4 0 2
科研 0 0 2 0 0 0 4 0 0 0 0 0 0 0 0
寂寞 0 0 0 0 0 0 6 0 0 0 0 0 0 0 0
路透 0 0 0 0 0 4 0 0 0 0 0 0 0 2 0
十字 0 0 0 0 0 0 0 0 6 0 0 0 0 0 0
价值 0 0 0 0 0 0 0 0 0 0 0 6 0 0 0
业务 5 0 0 0 0 0 0 0 0 0 0 0 1 0 0
笔者 0 0 0 2 0 4 0 0 0 0 0 0 0 0 0
现货 0 6 0 0 0 0 0 0 0 0 0 0 0 0 0
要点 0 0 0 0 0 0 0 3 0 0 0 0 0 0 3
地点 0 4 0 0 0 0 0 2 0 0 0 0 0 0 0
广东 0 0 0 0 0 0 0 0 0 0 4 2 0 0 0
有效 0 0 0 0 0 0 0 0 0 0 0 0 2 4 0
警方 0 0 0 0 0 0 1 0 0 0 5 0 0 0 0
看法 0 0 4 0 0 0 0 0 0 0 2 0 0 0 0
特色 0 2 0 0 0 0 0 0 0 0 2 1 1 0 0
解放军 0 4 2 0 0 0 0 0 0 0 0 0 0 0 0
现象 0 0 0 3 0 0 1 0 0 0 2 0 0 0 0
高明 0 0 0 0 3 0 0 0 0 0 3 0 0 0 0
基地 2 0 4 0 0 0 0 0 0 0 0 0 0 0 0
文章 3 0 0 3 0 0 0 0 0 0 0 0 0 0 0
京 0 0 0 0 0 0 0 0 0 0 0 2 0 0 4
院 0 1 0 0 0 0 0 0 0 3 0 0 0 2 0
食物 0 0 0 0 0 0 0 2 0 0 0 0 0 0 4
旷 0 0 0 0 0 3 0 0 0 0 0 3 0 0 0
料 0 0 0 0 0 0 0 0 0 0 0 0 6 0 0
伤心 0 0 0 0 0 0 0 0 0 0 0 0 3 0 3
五大 0 0 0 0 0 0 0 3 0 0 0 0 3 0 0
动力 0 0 0 3 0 0 0 0 0 0 0 3 0 0 0
镍 0 0 0 0 0 0 0 0 4 0 2 0 0 0 0
泡沫 0 4 0 0 0 0 0 0 0 0 0 0 0 2 0
业绩 4 0 0 0 0 0 0 0 0 0 0 0 0 0 2
区域 0 0 3 0 0 0 0 0 3 0 0 0 0 0 0
汇价 0 0 0 0 0 0 0 0 6 0 0 0 0 0 0
箭 0 1 0 0 0 0 0 4 1 0 0 0 0 0 0
聪明 0 5 1 0 0 0 0 0 0 0 0 0 0 0 0
钓鱼岛 0 0 0 0 6 0 0 0 0 0 0 0 0 0 0
收盘价 0 0 0 0 0 0 0 0 0 6 0 0 0 0 0
宣言 0 2 0 0 0 0 0 0 0 0 0 0 0 0 4
长达 0 0 4 0 0 0 0 0 0 0 1 0 1 0 0
招 0 2 0 0 0 0 0 0 0 0 0 4 0 0 0
适量 0 0 0 0 0 3 0 0 0 0 0 0 0 0 3
较大 0 0 2 0 0 0 0 0 2 0 0 0 1 0 1
功能 0 0 3 0 3 0 0 0 0 0 0 0 0 0 0
时光 0 0 0 0 0 0 0 3 1 0 0 0 2 0 0
穷 0 0 0 0 0 5 0 0 1 0 0 0 0 0 0
公路 0 0 0 0 6 0 0 0 0 0 0 0 0 0 0
故事 0 0 0 0 0 0 2 0 4 0 0 0 0 0 0
眼神 3 0 0 0 0 0 0 0 0 3 0 0 0 0 0
动作 0 0 0 0 0 0 0 0 2 0 0 0 0 4 0
悠闲 0 0 0 0 0 0 6 0 0 0 0 0 0 0 0
乱收费 0 0 2 0 0 0 0 0 0 0 0 0 0 0 4
王子 0 5 0 1 0 0 0 0 0 0 0 0 0 0 0
邮箱 3 0 0 0 0 0 0 0 3 0 0 0 0 0 0
犹豫 0 0 0 0 0 0 2 0 0 0 2 2 0 0 0
缺点 5 0 1 0 0 0 0 0 0 0 0 0 0 0 0
对方 0 0 5 0 0 0 0 0 0 1 0 0 0 0 0
据介绍 0 0 2 0 0 0 0 0 1 3 0 0 0 0 0
社 0 0 0 0 0 0 0 0 0 0 0 0 0 6 0
陌生 0 0 0 0 0 0 0 0 0 0 0 0 0 6 0
碘 1 0 0 0 0 3 0 0 0 0 0 2 0 0 0
情怀 0 0 0 0 0 0 2 0 2 0 0 2 0 0 0
人体 2 0 0 0 2 0 0 0 0 0 0 0 0 0 2
私处 0 0 0 0 2 0 0 4 0 0 0 0 0 0 0
